1234567890987654321234567890987654321234567890
1234567890
087654321
09876543
8765434567898765
689986tredfcbvn
1234567890987654321234567890987654321234567890
1234567890
087654321
09876543
8765434567898765
689986tredfcbvn
1234567890987654321234567890987654321234567890
1234567890
087654321
09876543
8765434567898765
689986tredfcbvn
1234567890987654321234567890987654321234567890
1234567890
087654321
09876543
8765434567898765
689986tredfcbvn
1234567890987654321234567890987654321234567890
1234567890
087654321
09876543
8765434567898765
689986tredfcbvn